,0,1,2,3,4,5,6
0,0,10,15,20,25,30,35
1,10,0,12,18,24,30,36
2,15,12,0,10,16,22,28
3,20,18,10,0,12,18,24
4,25,24,16,12,0,8,16
5,30,30,22,18,8,0,12
6,35,36,28,24,16,12,0
